84
saved =  40
[(3, 1), (2, 1), (1, 1), (1, 2), (1, 3), (2, 3), (3, 3), (3, 4), (3, 5), (2, 5), (1, 5), (1, 6), (1, 7), (2, 7), (3, 7), (4, 7), (5, 7), (6, 7), (7, 7), (8, 7), (9, 7), (10, 7), (11, 7), (12, 7), (13, 7), (13, 6), (13, 5), (12, 5), (11, 5), (11, 4), (11, 3), (12, 3), (13, 3), (13, 2), (13, 1), (12, 1), (11, 1), (10, 1), (9, 1), (9, 2), (9, 3), (8, 3), (7, 3), (7, 4)]
cheating at  18 20

saved =  40
[(3, 1), (2, 1), (1, 1), (1, 2), (1, 3), (2, 3), (3, 3), (3, 4), (3, 5), (2, 5), (1, 5), (1, 6), (1, 7), (2, 7), (3, 7), (4, 7), (5, 7), (6, 7), (7, 7), (8, 7), (9, 7), (10, 7), (11, 7), (12, 7), (13, 7), (13, 6), (13, 5), (12, 5), (11, 5), (11, 4), (11, 3), (12, 3), (13, 3), (13, 2), (13, 1), (12, 1), (11, 1), (10, 1), (9, 1), (9, 2), (9, 3), (8, 3), (7, 3), (7, 4)]
cheating at  19 20

saved =  40
[(3, 1), (2, 1), (1, 1), (1, 2), (1, 3), (2, 3), (3, 3), (3, 4), (3, 5), (2, 5), (1, 5), (1, 6), (1, 7), (2, 7), (3, 7), (4, 7), (5, 7), (6, 7), (7, 7), (8, 7), (9, 7), (10, 7), (11, 7), (12, 7), (13, 7), (13, 6), (13, 5), (12, 5), (11, 5), (11, 4), (11, 3), (12, 3), (13, 3), (13, 2), (13, 1), (12, 1), (11, 1), (10, 1), (9, 1), (9, 2), (9, 3), (8, 3), (7, 3), (7, 4)]
cheating at  19 21

saved =  4
[(3, 1), (2, 1), (1, 1), (1, 2), (1, 3), (2, 3), (3, 3), (3, 4), (3, 5), (2, 5), (1, 5), (1, 6), (1, 7), (2, 7), (3, 7), (4, 7), (5, 7), (6, 7), (7, 7), (7, 8), (7, 9), (6, 9), (5, 9), (4, 9), (3, 9), (2, 9), (1, 9), (1, 10), (2, 10), (3, 10), (3, 11), (4, 11), (5, 11), (5, 12), (5, 13), (6, 13), (7, 13), (7, 12), (7, 11), (8, 11), (9, 11), (9, 12), (9, 13), (10, 13), (11, 13), (11, 12), (11, 11), (12, 11), (13, 11), (13, 10), (13, 9), (12, 9), (11, 9), (10, 9), (9, 9), (9, 8), (9, 7), (10, 7), (11, 7), (12, 7), (13, 7), (13, 6), (13, 5), (12, 5), (11, 5), (11, 4), (11, 3), (12, 3), (13, 3), (13, 2), (13, 1), (12, 1), (11, 1), (10, 1), (9, 1), (9, 2), (9, 3), (8, 3), (7, 3), (7, 4)]
cheating at  28 30

saved =  4
[(3, 1), (2, 1), (1, 1), (1, 2), (1, 3), (2, 3), (3, 3), (3, 4), (3, 5), (2, 5), (1, 5), (1, 6), (1, 7), (2, 7), (3, 7), (4, 7), (5, 7), (6, 7), (7, 7), (7, 8), (7, 9), (6, 9), (5, 9), (4, 9), (3, 9), (2, 9), (1, 9), (1, 10), (1, 11), (2, 11), (3, 11), (4, 11), (5, 11), (5, 12), (5, 13), (6, 13), (7, 13), (7, 12), (7, 11), (8, 11), (9, 11), (9, 12), (9, 13), (10, 13), (11, 13), (11, 12), (11, 11), (12, 11), (13, 11), (13, 10), (13, 9), (12, 9), (11, 9), (10, 9), (9, 9), (9, 8), (9, 7), (10, 7), (11, 7), (12, 7), (13, 7), (13, 6), (13, 5), (12, 5), (11, 5), (11, 4), (11, 3), (12, 3), (13, 3), (13, 2), (13, 1), (12, 1), (11, 1), (10, 1), (9, 1), (9, 2), (9, 3), (8, 3), (7, 3), (7, 4)]
cheating at  29 30

saved =  4
[(3, 1), (2, 1), (1, 1), (1, 2), (1, 3), (2, 3), (3, 3), (3, 4), (3, 5), (2, 5), (1, 5), (1, 6), (1, 7), (2, 7), (3, 7), (4, 7), (5, 7), (6, 7), (7, 7), (7, 8), (7, 9), (6, 9), (5, 9), (4, 9), (3, 9), (2, 9), (1, 9), (1, 10), (1, 11), (2, 11), (3, 11), (4, 11), (5, 11), (5, 12), (5, 13), (6, 13), (7, 13), (7, 12), (7, 11), (8, 11), (9, 11), (9, 12), (9, 13), (10, 13), (11, 13), (11, 12), (11, 11), (12, 11), (13, 11), (13, 10), (13, 9), (12, 9), (11, 9), (10, 9), (9, 9), (9, 8), (9, 7), (10, 7), (11, 7), (12, 7), (13, 7), (13, 6), (13, 5), (12, 5), (11, 5), (11, 4), (11, 3), (12, 3), (13, 3), (13, 2), (13, 1), (12, 1), (11, 1), (10, 1), (9, 1), (9, 2), (9, 3), (8, 3), (7, 3), (7, 4)]
cheating at  29 31

saved =  4
[(3, 1), (2, 1), (1, 1), (1, 2), (1, 3), (2, 3), (3, 3), (3, 4), (3, 5), (2, 5), (1, 5), (1, 6), (1, 7), (2, 7), (3, 7), (4, 7), (5, 7), (6, 7), (7, 7), (7, 8), (7, 9), (6, 9), (5, 9), (4, 9), (3, 9), (2, 9), (1, 9), (1, 10), (1, 11), (1, 12), (1, 13), (2, 13), (3, 13), (4, 13), (5, 13), (6, 13), (7, 13), (7, 12), (7, 11), (8, 11), (9, 11), (9, 12), (9, 13), (10, 13), (11, 13), (11, 12), (11, 11), (12, 11), (13, 11), (13, 10), (13, 9), (12, 9), (11, 9), (10, 9), (9, 9), (9, 8), (9, 7), (10, 7), (11, 7), (12, 7), (13, 7), (13, 6), (13, 5), (12, 5), (11, 5), (11, 4), (11, 3), (12, 3), (13, 3), (13, 2), (13, 1), (12, 1), (11, 1), (10, 1), (9, 1), (9, 2), (9, 3), (8, 3), (7, 3), (7, 4)]
cheating at  32 34

saved =  4
[(3, 1), (2, 1), (1, 1), (1, 2), (1, 3), (2, 3), (3, 3), (3, 4), (3, 5), (2, 5), (1, 5), (1, 6), (1, 7), (2, 7), (3, 7), (4, 7), (5, 7), (6, 7), (7, 7), (7, 8), (7, 9), (6, 9), (5, 9), (4, 9), (3, 9), (2, 9), (1, 9), (1, 10), (1, 11), (1, 12), (1, 13), (2, 13), (3, 13), (4, 13), (5, 13), (6, 13), (7, 13), (7, 12), (7, 11), (8, 11), (9, 11), (9, 12), (9, 13), (10, 13), (11, 13), (11, 12), (11, 11), (12, 11), (13, 11), (13, 10), (13, 9), (12, 9), (11, 9), (10, 9), (9, 9), (9, 8), (9, 7), (10, 7), (11, 7), (12, 7), (13, 7), (13, 6), (13, 5), (12, 5), (11, 5), (11, 4), (11, 3), (12, 3), (13, 3), (13, 2), (13, 1), (12, 1), (11, 1), (10, 1), (9, 1), (9, 2), (9, 3), (8, 3), (7, 3), (7, 4)]
cheating at  33 34

saved =  4
[(3, 1), (2, 1), (1, 1), (1, 2), (1, 3), (2, 3), (3, 3), (3, 4), (3, 5), (2, 5), (1, 5), (1, 6), (1, 7), (2, 7), (3, 7), (4, 7), (5, 7), (6, 7), (7, 7), (7, 8), (7, 9), (6, 9), (5, 9), (4, 9), (3, 9), (2, 9), (1, 9), (1, 10), (1, 11), (1, 12), (1, 13), (2, 13), (3, 13), (4, 13), (5, 13), (6, 13), (7, 13), (7, 12), (7, 11), (8, 11), (9, 11), (9, 12), (9, 13), (10, 13), (11, 13), (11, 12), (11, 11), (12, 11), (13, 11), (13, 10), (13, 9), (12, 9), (11, 9), (10, 9), (9, 9), (9, 8), (9, 7), (10, 7), (11, 7), (12, 7), (13, 7), (13, 6), (13, 5), (12, 5), (11, 5), (11, 4), (11, 3), (12, 3), (13, 3), (13, 2), (13, 1), (12, 1), (11, 1), (10, 1), (9, 1), (9, 2), (9, 3), (8, 3), (7, 3), (7, 4)]
cheating at  33 35

saved =  2
[(3, 1), (2, 1), (1, 1), (1, 2), (1, 3), (2, 3), (3, 3), (3, 4), (3, 5), (2, 5), (1, 5), (1, 6), (1, 7), (2, 7), (3, 7), (4, 7), (5, 7), (6, 7), (7, 7), (7, 8), (7, 9), (6, 9), (5, 9), (4, 9), (3, 9), (2, 9), (1, 9), (1, 10), (1, 11), (1, 12), (1, 13), (2, 13), (3, 13), (3, 12), (4, 12), (5, 12), (5, 13), (6, 13), (7, 13), (7, 12), (7, 11), (8, 11), (9, 11), (9, 12), (9, 13), (10, 13), (11, 13), (11, 12), (11, 11), (12, 11), (13, 11), (13, 10), (13, 9), (12, 9), (11, 9), (10, 9), (9, 9), (9, 8), (9, 7), (10, 7), (11, 7), (12, 7), (13, 7), (13, 6), (13, 5), (12, 5), (11, 5), (11, 4), (11, 3), (12, 3), (13, 3), (13, 2), (13, 1), (12, 1), (11, 1), (10, 1), (9, 1), (9, 2), (9, 3), (8, 3), (7, 3), (7, 4)]
cheating at  34 35

saved =  2
[(3, 1), (2, 1), (1, 1), (1, 2), (1, 3), (2, 3), (3, 3), (3, 4), (3, 5), (2, 5), (1, 5), (1, 6), (1, 7), (2, 7), (3, 7), (4, 7), (5, 7), (6, 7), (7, 7), (7, 8), (7, 9), (6, 9), (5, 9), (4, 9), (3, 9), (2, 9), (1, 9), (1, 10), (1, 11), (1, 12), (1, 13), (2, 13), (3, 13), (3, 12), (4, 12), (5, 12), (5, 13), (6, 13), (7, 13), (7, 12), (7, 11), (8, 11), (9, 11), (9, 12), (9, 13), (10, 13), (11, 13), (11, 12), (11, 11), (12, 11), (13, 11), (13, 10), (13, 9), (12, 9), (11, 9), (10, 9), (9, 9), (9, 8), (9, 7), (10, 7), (11, 7), (12, 7), (13, 7), (13, 6), (13, 5), (12, 5), (11, 5), (11, 4), (11, 3), (12, 3), (13, 3), (13, 2), (13, 1), (12, 1), (11, 1), (10, 1), (9, 1), (9, 2), (9, 3), (8, 3), (7, 3), (7, 4)]
cheating at  34 36

saved =  4
[(3, 1), (2, 1), (1, 1), (1, 2), (1, 3), (2, 3), (3, 3), (3, 4), (3, 5), (2, 5), (1, 5), (1, 6), (1, 7), (2, 7), (3, 7), (4, 7), (5, 7), (6, 7), (7, 7), (7, 8), (7, 9), (6, 9), (5, 9), (4, 9), (3, 9), (2, 9), (1, 9), (1, 10), (1, 11), (1, 12), (1, 13), (2, 13), (3, 13), (3, 12), (3, 11), (4, 11), (5, 11), (6, 11), (7, 11), (8, 11), (9, 11), (9, 12), (9, 13), (10, 13), (11, 13), (11, 12), (11, 11), (12, 11), (13, 11), (13, 10), (13, 9), (12, 9), (11, 9), (10, 9), (9, 9), (9, 8), (9, 7), (10, 7), (11, 7), (12, 7), (13, 7), (13, 6), (13, 5), (12, 5), (11, 5), (11, 4), (11, 3), (12, 3), (13, 3), (13, 2), (13, 1), (12, 1), (11, 1), (10, 1), (9, 1), (9, 2), (9, 3), (8, 3), (7, 3), (7, 4)]
cheating at  36 38

saved =  4
[(3, 1), (2, 1), (1, 1), (1, 2), (1, 3), (2, 3), (3, 3), (3, 4), (3, 5), (2, 5), (1, 5), (1, 6), (1, 7), (2, 7), (3, 7), (4, 7), (5, 7), (6, 7), (7, 7), (7, 8), (7, 9), (6, 9), (5, 9), (4, 9), (3, 9), (2, 9), (1, 9), (1, 10), (1, 11), (1, 12), (1, 13), (2, 13), (3, 13), (3, 12), (3, 11), (4, 11), (5, 11), (6, 11), (7, 11), (8, 11), (9, 11), (9, 12), (9, 13), (10, 13), (11, 13), (11, 12), (11, 11), (12, 11), (13, 11), (13, 10), (13, 9), (12, 9), (11, 9), (10, 9), (9, 9), (9, 8), (9, 7), (10, 7), (11, 7), (12, 7), (13, 7), (13, 6), (13, 5), (12, 5), (11, 5), (11, 4), (11, 3), (12, 3), (13, 3), (13, 2), (13, 1), (12, 1), (11, 1), (10, 1), (9, 1), (9, 2), (9, 3), (8, 3), (7, 3), (7, 4)]
cheating at  37 38

saved =  4
[(3, 1), (2, 1), (1, 1), (1, 2), (1, 3), (2, 3), (3, 3), (3, 4), (3, 5), (2, 5), (1, 5), (1, 6), (1, 7), (2, 7), (3, 7), (4, 7), (5, 7), (6, 7), (7, 7), (7, 8), (7, 9), (6, 9), (5, 9), (4, 9), (3, 9), (2, 9), (1, 9), (1, 10), (1, 11), (1, 12), (1, 13), (2, 13), (3, 13), (3, 12), (3, 11), (4, 11), (5, 11), (6, 11), (7, 11), (8, 11), (9, 11), (9, 12), (9, 13), (10, 13), (11, 13), (11, 12), (11, 11), (12, 11), (13, 11), (13, 10), (13, 9), (12, 9), (11, 9), (10, 9), (9, 9), (9, 8), (9, 7), (10, 7), (11, 7), (12, 7), (13, 7), (13, 6), (13, 5), (12, 5), (11, 5), (11, 4), (11, 3), (12, 3), (13, 3), (13, 2), (13, 1), (12, 1), (11, 1), (10, 1), (9, 1), (9, 2), (9, 3), (8, 3), (7, 3), (7, 4)]
cheating at  37 39

saved =  4
[(3, 1), (2, 1), (1, 1), (1, 2), (1, 3), (2, 3), (3, 3), (3, 4), (3, 5), (2, 5), (1, 5), (1, 6), (1, 7), (2, 7), (3, 7), (4, 7), (5, 7), (6, 7), (7, 7), (7, 8), (7, 9), (6, 9), (5, 9), (4, 9), (3, 9), (2, 9), (1, 9), (1, 10), (1, 11), (1, 12), (1, 13), (2, 13), (3, 13), (3, 12), (3, 11), (4, 11), (5, 11), (5, 12), (5, 13), (6, 13), (7, 13), (8, 13), (9, 13), (10, 13), (11, 13), (11, 12), (11, 11), (12, 11), (13, 11), (13, 10), (13, 9), (12, 9), (11, 9), (10, 9), (9, 9), (9, 8), (9, 7), (10, 7), (11, 7), (12, 7), (13, 7), (13, 6), (13, 5), (12, 5), (11, 5), (11, 4), (11, 3), (12, 3), (13, 3), (13, 2), (13, 1), (12, 1), (11, 1), (10, 1), (9, 1), (9, 2), (9, 3), (8, 3), (7, 3), (7, 4)]
cheating at  40 42

saved =  4
[(3, 1), (2, 1), (1, 1), (1, 2), (1, 3), (2, 3), (3, 3), (3, 4), (3, 5), (2, 5), (1, 5), (1, 6), (1, 7), (2, 7), (3, 7), (4, 7), (5, 7), (6, 7), (7, 7), (7, 8), (7, 9), (6, 9), (5, 9), (4, 9), (3, 9), (2, 9), (1, 9), (1, 10), (1, 11), (1, 12), (1, 13), (2, 13), (3, 13), (3, 12), (3, 11), (4, 11), (5, 11), (5, 12), (5, 13), (6, 13), (7, 13), (8, 13), (9, 13), (10, 13), (11, 13), (11, 12), (11, 11), (12, 11), (13, 11), (13, 10), (13, 9), (12, 9), (11, 9), (10, 9), (9, 9), (9, 8), (9, 7), (10, 7), (11, 7), (12, 7), (13, 7), (13, 6), (13, 5), (12, 5), (11, 5), (11, 4), (11, 3), (12, 3), (13, 3), (13, 2), (13, 1), (12, 1), (11, 1), (10, 1), (9, 1), (9, 2), (9, 3), (8, 3), (7, 3), (7, 4)]
cheating at  41 42

saved =  4
[(3, 1), (2, 1), (1, 1), (1, 2), (1, 3), (2, 3), (3, 3), (3, 4), (3, 5), (2, 5), (1, 5), (1, 6), (1, 7), (2, 7), (3, 7), (4, 7), (5, 7), (6, 7), (7, 7), (7, 8), (7, 9), (6, 9), (5, 9), (4, 9), (3, 9), (2, 9), (1, 9), (1, 10), (1, 11), (1, 12), (1, 13), (2, 13), (3, 13), (3, 12), (3, 11), (4, 11), (5, 11), (5, 12), (5, 13), (6, 13), (7, 13), (8, 13), (9, 13), (10, 13), (11, 13), (11, 12), (11, 11), (12, 11), (13, 11), (13, 10), (13, 9), (12, 9), (11, 9), (10, 9), (9, 9), (9, 8), (9, 7), (10, 7), (11, 7), (12, 7), (13, 7), (13, 6), (13, 5), (12, 5), (11, 5), (11, 4), (11, 3), (12, 3), (13, 3), (13, 2), (13, 1), (12, 1), (11, 1), (10, 1), (9, 1), (9, 2), (9, 3), (8, 3), (7, 3), (7, 4)]
cheating at  41 43

saved =  2
[(3, 1), (2, 1), (1, 1), (1, 2), (1, 3), (2, 3), (3, 3), (3, 4), (3, 5), (2, 5), (1, 5), (1, 6), (1, 7), (2, 7), (3, 7), (4, 7), (5, 7), (6, 7), (7, 7), (7, 8), (7, 9), (6, 9), (5, 9), (4, 9), (3, 9), (2, 9), (1, 9), (1, 10), (1, 11), (1, 12), (1, 13), (2, 13), (3, 13), (3, 12), (3, 11), (4, 11), (5, 11), (5, 12), (5, 13), (6, 13), (7, 13), (7, 12), (8, 12), (9, 12), (9, 13), (10, 13), (11, 13), (11, 12), (11, 11), (12, 11), (13, 11), (13, 10), (13, 9), (12, 9), (11, 9), (10, 9), (9, 9), (9, 8), (9, 7), (10, 7), (11, 7), (12, 7), (13, 7), (13, 6), (13, 5), (12, 5), (11, 5), (11, 4), (11, 3), (12, 3), (13, 3), (13, 2), (13, 1), (12, 1), (11, 1), (10, 1), (9, 1), (9, 2), (9, 3), (8, 3), (7, 3), (7, 4)]
cheating at  42 43

saved =  2
[(3, 1), (2, 1), (1, 1), (1, 2), (1, 3), (2, 3), (3, 3), (3, 4), (3, 5), (2, 5), (1, 5), (1, 6), (1, 7), (2, 7), (3, 7), (4, 7), (5, 7), (6, 7), (7, 7), (7, 8), (7, 9), (6, 9), (5, 9), (4, 9), (3, 9), (2, 9), (1, 9), (1, 10), (1, 11), (1, 12), (1, 13), (2, 13), (3, 13), (3, 12), (3, 11), (4, 11), (5, 11), (5, 12), (5, 13), (6, 13), (7, 13), (7, 12), (8, 12), (9, 12), (9, 13), (10, 13), (11, 13), (11, 12), (11, 11), (12, 11), (13, 11), (13, 10), (13, 9), (12, 9), (11, 9), (10, 9), (9, 9), (9, 8), (9, 7), (10, 7), (11, 7), (12, 7), (13, 7), (13, 6), (13, 5), (12, 5), (11, 5), (11, 4), (11, 3), (12, 3), (13, 3), (13, 2), (13, 1), (12, 1), (11, 1), (10, 1), (9, 1), (9, 2), (9, 3), (8, 3), (7, 3), (7, 4)]
cheating at  42 44

saved =  4
[(3, 1), (2, 1), (1, 1), (1, 2), (1, 3), (2, 3), (3, 3), (3, 4), (3, 5), (2, 5), (1, 5), (1, 6), (1, 7), (2, 7), (3, 7), (4, 7), (5, 7), (6, 7), (7, 7), (7, 8), (7, 9), (6, 9), (5, 9), (4, 9), (3, 9), (2, 9), (1, 9), (1, 10), (1, 11), (1, 12), (1, 13), (2, 13), (3, 13), (3, 12), (3, 11), (4, 11), (5, 11), (5, 12), (5, 13), (6, 13), (7, 13), (7, 12), (7, 11), (8, 11), (9, 11), (10, 11), (11, 11), (12, 11), (13, 11), (13, 10), (13, 9), (12, 9), (11, 9), (10, 9), (9, 9), (9, 8), (9, 7), (10, 7), (11, 7), (12, 7), (13, 7), (13, 6), (13, 5), (12, 5), (11, 5), (11, 4), (11, 3), (12, 3), (13, 3), (13, 2), (13, 1), (12, 1), (11, 1), (10, 1), (9, 1), (9, 2), (9, 3), (8, 3), (7, 3), (7, 4)]
cheating at  44 46

saved =  4
[(3, 1), (2, 1), (1, 1), (1, 2), (1, 3), (2, 3), (3, 3), (3, 4), (3, 5), (2, 5), (1, 5), (1, 6), (1, 7), (2, 7), (3, 7), (4, 7), (5, 7), (6, 7), (7, 7), (7, 8), (7, 9), (6, 9), (5, 9), (4, 9), (3, 9), (2, 9), (1, 9), (1, 10), (1, 11), (1, 12), (1, 13), (2, 13), (3, 13), (3, 12), (3, 11), (4, 11), (5, 11), (5, 12), (5, 13), (6, 13), (7, 13), (7, 12), (7, 11), (8, 11), (9, 11), (10, 11), (11, 11), (12, 11), (13, 11), (13, 10), (13, 9), (12, 9), (11, 9), (10, 9), (9, 9), (9, 8), (9, 7), (10, 7), (11, 7), (12, 7), (13, 7), (13, 6), (13, 5), (12, 5), (11, 5), (11, 4), (11, 3), (12, 3), (13, 3), (13, 2), (13, 1), (12, 1), (11, 1), (10, 1), (9, 1), (9, 2), (9, 3), (8, 3), (7, 3), (7, 4)]
cheating at  45 46

saved =  4
[(3, 1), (2, 1), (1, 1), (1, 2), (1, 3), (2, 3), (3, 3), (3, 4), (3, 5), (2, 5), (1, 5), (1, 6), (1, 7), (2, 7), (3, 7), (4, 7), (5, 7), (6, 7), (7, 7), (7, 8), (7, 9), (6, 9), (5, 9), (4, 9), (3, 9), (2, 9), (1, 9), (1, 10), (1, 11), (1, 12), (1, 13), (2, 13), (3, 13), (3, 12), (3, 11), (4, 11), (5, 11), (5, 12), (5, 13), (6, 13), (7, 13), (7, 12), (7, 11), (8, 11), (9, 11), (10, 11), (11, 11), (12, 11), (13, 11), (13, 10), (13, 9), (12, 9), (11, 9), (10, 9), (9, 9), (9, 8), (9, 7), (10, 7), (11, 7), (12, 7), (13, 7), (13, 6), (13, 5), (12, 5), (11, 5), (11, 4), (11, 3), (12, 3), (13, 3), (13, 2), (13, 1), (12, 1), (11, 1), (10, 1), (9, 1), (9, 2), (9, 3), (8, 3), (7, 3), (7, 4)]
cheating at  45 47

ans =  188
