644197722674
3424919
7160145
198444
10677865
1134
28760910
6740
983873830
101904
9221
216699547
19040
113740483608
1837300
21564
100992468
72660535
15486
10625355
714034
147283595568
2316922
17143497694679
758512003463
4146569285
2140548
12113461
1539915
198635345304
43172
53202
53202
107010
1207
3661
55680
1443280
3630590257
10281688290
52129140
307677984
545930
21436
1210568
163672
816
413330
30771
720468
45770
32957
1762745
362023
1291399844
228417920
40050828
655270872
35298709
558606
96911
9402
2948456
254061
27948
90873
6444009
144630242
444869
1823338
25234118
7014
1210591
61925382
61925382
1392623100
146952
16148106
38915712
24871732
1016303031
8360806312
21935424
797703006
233319196
2836062720
81217110
21081
861
88
1570446660
41612
198303162
4195337168
109985400
10455350486
360062993
75413380
372470
1388
727612
1143128724150
41306
1986
10921388868
1617983
7273
1681
1733837
426492
131979
1358996
15881128
1911
81696
199643920
24054306505
36855
70289942
6222893
2717456088
4767272
15261700
7480
55931515717
188671
123188
334667916
37897612
3585801
225846
8798000
987
19426789
455625
455625
1140143
30028
11364984
1337700
2110176
28139
54157
35995590749608
9459
802075
2187785
3960
3201184
1888
4185068
461760
4655
13321847987
18738947047
25010
1088100
32567
1821252960
137875
56572801202
87958367
13422
11257638
181924028
48196638
379859368
14669424
13632
26473
6177
1631
1631
4332
22498560
13943884
45088
561675243
46480040
398668004514
6048720
5351978974
8222557572
323197
1243
111187760
2043461
1882444276631
2130224
325749
45497
38655649296
4803
156208548
1055599537
5025498431
5025498431
83434050
9566
276596
735428921940
262990
79663
1076093
503308
1052110
472447488
57519732
337213
38484
140760
1834717746
1926604832
84094
84094
1585371522800
10736695
4989012
126070960
15988
15988
33325110
93162624
27489
1973
21238
365693742
2825
1565071058656
21424808448
12744
2562
441997
21757761
142146046
1302
2920860
10662680
1944870
21107774
5958425
1451281979
7048222
97944
184237
6859352895
531090
269093732
22760
11193
248540
2381794505735
557721414
193046119
6596126878
145305
172032954
2836938
787578
208608701
4667
294810390
53013993575
8984
21995734134
264862905
1908918
973680
128304
44232
47785
301356
10086
242207
6507402
257308250
4063680
902880
1121988
25139200
136552
210544
307152
174196113
488160
19025410
2606
1008
8595258
3152523
46561
46561
378892728
174848
3369813
74081532
10740
32487007
6167863296
692005
404677
51026
4395396697
3597445173
238958
1047
3366
2310950
1770832476
49284
78660218288
138
28710
16207982550
580720115
101346
43782921
350811824
51161294
56283832271
151528089
6975525183444
32164662625
1595250
627115008
262845099
27810
377712
4403487698
18000
1133048448
401539425944
151632037
2061467
469247481
804
530948520
1597575488350
60636199518
421157880
23125500
1128838032
13634
2594
197178930620
1635252
38430183166560
260245
2134740037
5651246579
10416
2406
1330567
211152912
128953684
9013235
2857052260
17628
581803349533
388382
114598776
852
7086506
1882566840
3192380
31652
16443
1244447
79891266
133899684
158472
577827
26524897
619029948
21865593
21865593
99185020
107005920
2516184
127258624821
7150171
7150171
2274323159
38121863061
708
7009005
70133821172
2334045177
2334045177
2334045177
11318244
1135489
97872
3565690187
27911345
20117244
5226102
20284677
414
202496805
1756291
58130586
92208192556
70202
632631
2308446
27714632
1168
1359889181
450410
225806336
86493858
60371025
3562461
732323
1032885
945945
6692478
1198792
83064502
7684870400
4836753
448559
178868
28968
13362405963
262350
389312
707357
19717
4784
523221
6181619
437556672
2050513997
669844
163612855
1153638940155
41376667393
48762054
31668453
2668647
3054130
118264252
212285289
454855747068
101649
173274931255
228477312
1958906346
3982693130574
113280
176418
